{
 "cells": [
  {
   "cell_type": "code",
   "execution_count": 26,
   "id": "235a151e",
   "metadata": {},
   "outputs": [],
   "source": [
    "# Import the packages we may need\n",
    "import pandas as pd\n",
    "import matplotlib.pyplot as plt\n",
    "import numpy as np\n",
    "import seaborn as sns\n",
    "from sklearn.preprocessing import StandardScaler\n",
    "from sklearn.decomposition import PCA\n",
    "from scipy.cluster.hierarchy import linkage, dendrogram\n",
    "import plotly.express as px"
   ]
  },
  {
   "cell_type": "code",
   "execution_count": 27,
   "id": "ae4ea768",
   "metadata": {},
   "outputs": [
    {
     "data": {
      "text/html": [
       "<div>\n",
       "<style scoped>\n",
       "    .dataframe tbody tr th:only-of-type {\n",
       "        vertical-align: middle;\n",
       "    }\n",
       "\n",
       "    .dataframe tbody tr th {\n",
       "        vertical-align: top;\n",
       "    }\n",
       "\n",
       "    .dataframe thead th {\n",
       "        text-align: right;\n",
       "    }\n",
       "</style>\n",
       "<table border=\"1\" class=\"dataframe\">\n",
       "  <thead>\n",
       "    <tr style=\"text-align: right;\">\n",
       "      <th></th>\n",
       "      <th>Unnamed: 0.1</th>\n",
       "      <th>Unnamed: 0</th>\n",
       "      <th>Sample_ID</th>\n",
       "      <th>Cancer</th>\n",
       "      <th>Q15389</th>\n",
       "      <th>P29965</th>\n",
       "      <th>P49763</th>\n",
       "      <th>Q02763</th>\n",
       "      <th>P01127</th>\n",
       "      <th>P09341</th>\n",
       "      <th>...</th>\n",
       "      <th>P09382</th>\n",
       "      <th>Q16790</th>\n",
       "      <th>P26842</th>\n",
       "      <th>P14210</th>\n",
       "      <th>P43489</th>\n",
       "      <th>O75144</th>\n",
       "      <th>O43927</th>\n",
       "      <th>P32970</th>\n",
       "      <th>Q8WXI7</th>\n",
       "      <th>P10144</th>\n",
       "    </tr>\n",
       "  </thead>\n",
       "  <tbody>\n",
       "    <tr>\n",
       "      <th>0</th>\n",
       "      <td>0</td>\n",
       "      <td>0.0</td>\n",
       "      <td>PM910</td>\n",
       "      <td>Ctrl</td>\n",
       "      <td>10.12895</td>\n",
       "      <td>5.62622</td>\n",
       "      <td>7.72902</td>\n",
       "      <td>8.47530</td>\n",
       "      <td>10.08926</td>\n",
       "      <td>10.58751</td>\n",
       "      <td>...</td>\n",
       "      <td>8.54519</td>\n",
       "      <td>4.20874</td>\n",
       "      <td>10.61404</td>\n",
       "      <td>8.37166</td>\n",
       "      <td>4.99296</td>\n",
       "      <td>7.78219</td>\n",
       "      <td>7.03584</td>\n",
       "      <td>4.81481</td>\n",
       "      <td>3.58965</td>\n",
       "      <td>4.13563</td>\n",
       "    </tr>\n",
       "    <tr>\n",
       "      <th>1</th>\n",
       "      <td>1</td>\n",
       "      <td>1.0</td>\n",
       "      <td>PM396</td>\n",
       "      <td>Ctrl</td>\n",
       "      <td>8.67289</td>\n",
       "      <td>5.18821</td>\n",
       "      <td>8.25523</td>\n",
       "      <td>9.06271</td>\n",
       "      <td>8.89866</td>\n",
       "      <td>9.22360</td>\n",
       "      <td>...</td>\n",
       "      <td>8.25401</td>\n",
       "      <td>3.46839</td>\n",
       "      <td>10.77271</td>\n",
       "      <td>8.36820</td>\n",
       "      <td>4.92422</td>\n",
       "      <td>7.47997</td>\n",
       "      <td>8.05700</td>\n",
       "      <td>3.98900</td>\n",
       "      <td>4.78155</td>\n",
       "      <td>3.14840</td>\n",
       "    </tr>\n",
       "    <tr>\n",
       "      <th>2</th>\n",
       "      <td>2</td>\n",
       "      <td>2.0</td>\n",
       "      <td>PM190</td>\n",
       "      <td>Ctrl</td>\n",
       "      <td>9.99567</td>\n",
       "      <td>6.38876</td>\n",
       "      <td>8.44263</td>\n",
       "      <td>8.42102</td>\n",
       "      <td>10.08508</td>\n",
       "      <td>10.43894</td>\n",
       "      <td>...</td>\n",
       "      <td>8.75887</td>\n",
       "      <td>4.65936</td>\n",
       "      <td>11.03062</td>\n",
       "      <td>9.18464</td>\n",
       "      <td>5.60743</td>\n",
       "      <td>7.92803</td>\n",
       "      <td>8.77261</td>\n",
       "      <td>4.80189</td>\n",
       "      <td>5.16350</td>\n",
       "      <td>4.29062</td>\n",
       "    </tr>\n",
       "    <tr>\n",
       "      <th>3</th>\n",
       "      <td>3</td>\n",
       "      <td>3.0</td>\n",
       "      <td>PM270</td>\n",
       "      <td>Ctrl</td>\n",
       "      <td>8.26407</td>\n",
       "      <td>5.06228</td>\n",
       "      <td>8.13429</td>\n",
       "      <td>8.66165</td>\n",
       "      <td>8.75925</td>\n",
       "      <td>9.24310</td>\n",
       "      <td>...</td>\n",
       "      <td>8.75741</td>\n",
       "      <td>4.44633</td>\n",
       "      <td>10.47952</td>\n",
       "      <td>8.65548</td>\n",
       "      <td>5.54289</td>\n",
       "      <td>9.29458</td>\n",
       "      <td>8.64028</td>\n",
       "      <td>4.04045</td>\n",
       "      <td>5.59217</td>\n",
       "      <td>3.75295</td>\n",
       "    </tr>\n",
       "    <tr>\n",
       "      <th>4</th>\n",
       "      <td>4</td>\n",
       "      <td>4.0</td>\n",
       "      <td>PM656</td>\n",
       "      <td>Ctrl</td>\n",
       "      <td>9.08833</td>\n",
       "      <td>5.95005</td>\n",
       "      <td>8.37830</td>\n",
       "      <td>8.29127</td>\n",
       "      <td>9.43936</td>\n",
       "      <td>9.83732</td>\n",
       "      <td>...</td>\n",
       "      <td>8.48018</td>\n",
       "      <td>3.81634</td>\n",
       "      <td>10.59295</td>\n",
       "      <td>8.63758</td>\n",
       "      <td>5.16271</td>\n",
       "      <td>7.41098</td>\n",
       "      <td>8.29143</td>\n",
       "      <td>4.59594</td>\n",
       "      <td>4.91665</td>\n",
       "      <td>4.10381</td>\n",
       "    </tr>\n",
       "    <tr>\n",
       "      <th>...</th>\n",
       "      <td>...</td>\n",
       "      <td>...</td>\n",
       "      <td>...</td>\n",
       "      <td>...</td>\n",
       "      <td>...</td>\n",
       "      <td>...</td>\n",
       "      <td>...</td>\n",
       "      <td>...</td>\n",
       "      <td>...</td>\n",
       "      <td>...</td>\n",
       "      <td>...</td>\n",
       "      <td>...</td>\n",
       "      <td>...</td>\n",
       "      <td>...</td>\n",
       "      <td>...</td>\n",
       "      <td>...</td>\n",
       "      <td>...</td>\n",
       "      <td>...</td>\n",
       "      <td>...</td>\n",
       "      <td>...</td>\n",
       "      <td>...</td>\n",
       "    </tr>\n",
       "    <tr>\n",
       "      <th>1900</th>\n",
       "      <td>162</td>\n",
       "      <td>NaN</td>\n",
       "      <td>C29ZZ80Y4.01</td>\n",
       "      <td>HODG</td>\n",
       "      <td>9.87819</td>\n",
       "      <td>7.15139</td>\n",
       "      <td>7.71189</td>\n",
       "      <td>7.72042</td>\n",
       "      <td>10.23705</td>\n",
       "      <td>7.66455</td>\n",
       "      <td>...</td>\n",
       "      <td>7.19963</td>\n",
       "      <td>4.26576</td>\n",
       "      <td>7.80544</td>\n",
       "      <td>9.24521</td>\n",
       "      <td>5.59883</td>\n",
       "      <td>5.16395</td>\n",
       "      <td>9.03873</td>\n",
       "      <td>4.24414</td>\n",
       "      <td>1.53814</td>\n",
       "      <td>5.30002</td>\n",
       "    </tr>\n",
       "    <tr>\n",
       "      <th>1901</th>\n",
       "      <td>163</td>\n",
       "      <td>NaN</td>\n",
       "      <td>C29ZS2ML8.01</td>\n",
       "      <td>HODG</td>\n",
       "      <td>9.42403</td>\n",
       "      <td>6.16559</td>\n",
       "      <td>7.48199</td>\n",
       "      <td>7.30005</td>\n",
       "      <td>10.14143</td>\n",
       "      <td>7.84437</td>\n",
       "      <td>...</td>\n",
       "      <td>6.90334</td>\n",
       "      <td>4.14795</td>\n",
       "      <td>7.74788</td>\n",
       "      <td>8.80026</td>\n",
       "      <td>5.18470</td>\n",
       "      <td>7.53391</td>\n",
       "      <td>7.97077</td>\n",
       "      <td>3.84446</td>\n",
       "      <td>3.41778</td>\n",
       "      <td>3.84928</td>\n",
       "    </tr>\n",
       "    <tr>\n",
       "      <th>1902</th>\n",
       "      <td>164</td>\n",
       "      <td>NaN</td>\n",
       "      <td>C29ZFFZ0Q.01</td>\n",
       "      <td>HODG</td>\n",
       "      <td>10.26858</td>\n",
       "      <td>8.11759</td>\n",
       "      <td>7.78457</td>\n",
       "      <td>7.46200</td>\n",
       "      <td>10.25920</td>\n",
       "      <td>8.15014</td>\n",
       "      <td>...</td>\n",
       "      <td>6.69773</td>\n",
       "      <td>3.60838</td>\n",
       "      <td>7.67268</td>\n",
       "      <td>7.83666</td>\n",
       "      <td>5.35574</td>\n",
       "      <td>5.27098</td>\n",
       "      <td>7.55698</td>\n",
       "      <td>3.11025</td>\n",
       "      <td>1.56641</td>\n",
       "      <td>4.23022</td>\n",
       "    </tr>\n",
       "    <tr>\n",
       "      <th>1903</th>\n",
       "      <td>165</td>\n",
       "      <td>NaN</td>\n",
       "      <td>C29ZQOG4N.01</td>\n",
       "      <td>HODG</td>\n",
       "      <td>10.15491</td>\n",
       "      <td>7.09910</td>\n",
       "      <td>7.78078</td>\n",
       "      <td>7.45732</td>\n",
       "      <td>10.27589</td>\n",
       "      <td>8.17975</td>\n",
       "      <td>...</td>\n",
       "      <td>7.01314</td>\n",
       "      <td>5.67411</td>\n",
       "      <td>8.44027</td>\n",
       "      <td>8.79263</td>\n",
       "      <td>5.66616</td>\n",
       "      <td>7.99492</td>\n",
       "      <td>8.71554</td>\n",
       "      <td>5.02993</td>\n",
       "      <td>3.94930</td>\n",
       "      <td>4.90380</td>\n",
       "    </tr>\n",
       "    <tr>\n",
       "      <th>1904</th>\n",
       "      <td>166</td>\n",
       "      <td>NaN</td>\n",
       "      <td>C29ZPXKPU.01</td>\n",
       "      <td>HODG</td>\n",
       "      <td>9.91994</td>\n",
       "      <td>8.26728</td>\n",
       "      <td>8.24490</td>\n",
       "      <td>7.38531</td>\n",
       "      <td>10.22731</td>\n",
       "      <td>8.95367</td>\n",
       "      <td>...</td>\n",
       "      <td>7.15677</td>\n",
       "      <td>3.31914</td>\n",
       "      <td>7.24481</td>\n",
       "      <td>9.03534</td>\n",
       "      <td>5.98560</td>\n",
       "      <td>6.32338</td>\n",
       "      <td>8.23345</td>\n",
       "      <td>3.41871</td>\n",
       "      <td>2.53294</td>\n",
       "      <td>4.79012</td>\n",
       "    </tr>\n",
       "  </tbody>\n",
       "</table>\n",
       "<p>1905 rows × 53 columns</p>\n",
       "</div>"
      ],
      "text/plain": [
       "      Unnamed: 0.1  Unnamed: 0     Sample_ID Cancer    Q15389   P29965  \\\n",
       "0                0         0.0         PM910   Ctrl  10.12895  5.62622   \n",
       "1                1         1.0         PM396   Ctrl   8.67289  5.18821   \n",
       "2                2         2.0         PM190   Ctrl   9.99567  6.38876   \n",
       "3                3         3.0         PM270   Ctrl   8.26407  5.06228   \n",
       "4                4         4.0         PM656   Ctrl   9.08833  5.95005   \n",
       "...            ...         ...           ...    ...       ...      ...   \n",
       "1900           162         NaN  C29ZZ80Y4.01   HODG   9.87819  7.15139   \n",
       "1901           163         NaN  C29ZS2ML8.01   HODG   9.42403  6.16559   \n",
       "1902           164         NaN  C29ZFFZ0Q.01   HODG  10.26858  8.11759   \n",
       "1903           165         NaN  C29ZQOG4N.01   HODG  10.15491  7.09910   \n",
       "1904           166         NaN  C29ZPXKPU.01   HODG   9.91994  8.26728   \n",
       "\n",
       "       P49763   Q02763    P01127    P09341  ...   P09382   Q16790    P26842  \\\n",
       "0     7.72902  8.47530  10.08926  10.58751  ...  8.54519  4.20874  10.61404   \n",
       "1     8.25523  9.06271   8.89866   9.22360  ...  8.25401  3.46839  10.77271   \n",
       "2     8.44263  8.42102  10.08508  10.43894  ...  8.75887  4.65936  11.03062   \n",
       "3     8.13429  8.66165   8.75925   9.24310  ...  8.75741  4.44633  10.47952   \n",
       "4     8.37830  8.29127   9.43936   9.83732  ...  8.48018  3.81634  10.59295   \n",
       "...       ...      ...       ...       ...  ...      ...      ...       ...   \n",
       "1900  7.71189  7.72042  10.23705   7.66455  ...  7.19963  4.26576   7.80544   \n",
       "1901  7.48199  7.30005  10.14143   7.84437  ...  6.90334  4.14795   7.74788   \n",
       "1902  7.78457  7.46200  10.25920   8.15014  ...  6.69773  3.60838   7.67268   \n",
       "1903  7.78078  7.45732  10.27589   8.17975  ...  7.01314  5.67411   8.44027   \n",
       "1904  8.24490  7.38531  10.22731   8.95367  ...  7.15677  3.31914   7.24481   \n",
       "\n",
       "       P14210   P43489   O75144   O43927   P32970   Q8WXI7   P10144  \n",
       "0     8.37166  4.99296  7.78219  7.03584  4.81481  3.58965  4.13563  \n",
       "1     8.36820  4.92422  7.47997  8.05700  3.98900  4.78155  3.14840  \n",
       "2     9.18464  5.60743  7.92803  8.77261  4.80189  5.16350  4.29062  \n",
       "3     8.65548  5.54289  9.29458  8.64028  4.04045  5.59217  3.75295  \n",
       "4     8.63758  5.16271  7.41098  8.29143  4.59594  4.91665  4.10381  \n",
       "...       ...      ...      ...      ...      ...      ...      ...  \n",
       "1900  9.24521  5.59883  5.16395  9.03873  4.24414  1.53814  5.30002  \n",
       "1901  8.80026  5.18470  7.53391  7.97077  3.84446  3.41778  3.84928  \n",
       "1902  7.83666  5.35574  5.27098  7.55698  3.11025  1.56641  4.23022  \n",
       "1903  8.79263  5.66616  7.99492  8.71554  5.02993  3.94930  4.90380  \n",
       "1904  9.03534  5.98560  6.32338  8.23345  3.41871  2.53294  4.79012  \n",
       "\n",
       "[1905 rows x 53 columns]"
      ]
     },
     "execution_count": 27,
     "metadata": {},
     "output_type": "execute_result"
    }
   ],
   "source": [
    "# Load the dataset\n",
    "df = pd.read_csv('combined_df2.csv')\n",
    "df"
   ]
  },
  {
   "cell_type": "code",
   "execution_count": 28,
   "id": "9ac7ddc0",
   "metadata": {},
   "outputs": [],
   "source": [
    "# compute the correlation matrix for the protein columns in your DataFrame\n",
    "# Select only the numeric columns (proteins)\n",
    "protein_cols = df.select_dtypes(include=['float64', 'int']).columns\n",
    "correlation_matrix = df[protein_cols].corr()\n",
    "\n",
    "#or can be used  \"correlation_matrix = df.corr()\", but it includes NaNs."
   ]
  },
  {
   "cell_type": "code",
   "execution_count": 29,
   "id": "f9aa8ad0",
   "metadata": {},
   "outputs": [
    {
     "data": {
      "application/vnd.plotly.v1+json": {
       "config": {
        "plotlyServerURL": "https://plot.ly"
       },
       "data": [
        {
         "coloraxis": "coloraxis",
         "hovertemplate": "Proteins: %{x}<br>Proteins: %{y}<br>Correlation: %{z}<extra></extra>",
         "name": "0",
         "type": "heatmap",
         "x": [
          "Unnamed: 0.1",
          "Unnamed: 0",
          "Q15389",
          "P29965",
          "P49763",
          "Q02763",
          "P01127",
          "P09341",
          "O00182",
          "Q14116",
          "P09601",
          "Q92583",
          "P10147",
          "P09237",
          "P07585",
          "P39900",
          "Q9BQ51",
          "P01730",
          "P13500",
          "P09038",
          "P10747",
          "P22301",
          "Q13241",
          "O76036",
          "P48061",
          "Q9UQV4",
          "P42701",
          "P18627",
          "P05113",
          "Q01151",
          "O95727",
          "P12544",
          "Q9NP84",
          "O75509",
          "P15692",
          "P01133",
          "P05231",
          "P50591",
          "P35968",
          "P20718",
          "P48023",
          "P09382",
          "Q16790",
          "P26842",
          "P14210",
          "P43489",
          "O75144",
          "O43927",
          "P32970",
          "Q8WXI7",
          "P10144"
         ],
         "xaxis": "x",
         "y": [
          "Unnamed: 0.1",
          "Unnamed: 0",
          "Q15389",
          "P29965",
          "P49763",
          "Q02763",
          "P01127",
          "P09341",
          "O00182",
          "Q14116",
          "P09601",
          "Q92583",
          "P10147",
          "P09237",
          "P07585",
          "P39900",
          "Q9BQ51",
          "P01730",
          "P13500",
          "P09038",
          "P10747",
          "P22301",
          "Q13241",
          "O76036",
          "P48061",
          "Q9UQV4",
          "P42701",
          "P18627",
          "P05113",
          "Q01151",
          "O95727",
          "P12544",
          "Q9NP84",
          "O75509",
          "P15692",
          "P01133",
          "P05231",
          "P50591",
          "P35968",
          "P20718",
          "P48023",
          "P09382",
          "Q16790",
          "P26842",
          "P14210",
          "P43489",
          "O75144",
          "O43927",
          "P32970",
          "Q8WXI7",
          "P10144"
         ],
         "yaxis": "y",
         "z": [
          [
           1,
           0.9903764541144074,
           -0.630050039959777,
           -0.5345661698842762,
           -0.6891941278322951,
           -0.7084986674489056,
           -0.6189119695414892,
           -0.6514478299196759,
           -0.6942331073829368,
           -0.6926699502763222,
           -0.6970316351228443,
           -0.6147774955844685,
           -0.6609271563599505,
           -0.6811894793886311,
           -0.6880609468935214,
           -0.6162345827714438,
           -0.6134438601066637,
           -0.6600144370281443,
           -0.6025931483618996,
           0.1413058831824088,
           -0.2943028628411358,
           -0.39488540408922446,
           -0.6720234112196847,
           -0.6407157678880809,
           0.4440118480966526,
           -0.6253158069467954,
           -0.4604826780755533,
           -0.5107997206979407,
           -0.12188126175767006,
           -0.58310248357922,
           -0.6855988587760032,
           -0.681586342260378,
           -0.6412515195276041,
           -0.6840127249076329,
           -0.6590656251062756,
           -0.5919337477824682,
           -0.3662476842785623,
           -0.6884165021465061,
           -0.7031673507881253,
           -0.5922450412335377,
           -0.6772701562358792,
           -0.692222765112045,
           -0.636696270550717,
           -0.686762530785116,
           -0.6723830616816314,
           -0.651288436715914,
           -0.7094958204128865,
           -0.651946865225261,
           -0.635960883172942,
           -0.29221765958459106,
           -0.5967083886968203
          ],
          [
           0.9903764541144074,
           1,
           -0.426235413632553,
           -0.3416859290242405,
           -0.49914687264595453,
           -0.5252253102584267,
           -0.420213895340504,
           -0.46787166492324556,
           -0.5073963906099924,
           -0.5070235346133021,
           -0.511101579930968,
           -0.4137914768322439,
           -0.48404773113980315,
           -0.4845505665568881,
           -0.49498359898654876,
           -0.4302834167202971,
           -0.4492861114408205,
           -0.47473805401923164,
           -0.4246861668585661,
           -0.10870961641935169,
           -0.24367186700719515,
           -0.22573838789156075,
           -0.4829357094637625,
           -0.44580465142865955,
           0.24148349893984614,
           -0.43392539734452185,
           -0.35823744035061283,
           -0.3750502973964456,
           -0.10268621268535716,
           -0.40266417282136274,
           -0.5085803863018002,
           -0.5100912212167387,
           -0.4436581365459168,
           -0.4999846495140838,
           -0.46859980211562047,
           -0.3921291366234714,
           -0.17505115876180904,
           -0.49671744940842616,
           -0.5150028254262272,
           -0.4213982650441541,
           -0.5004293858828393,
           -0.5055826836297793,
           -0.45383210551517356,
           -0.5037546292866567,
           -0.48188954620707125,
           -0.463411551950834,
           -0.5280508978928445,
           -0.46091025451923473,
           -0.45379144881436495,
           -0.12067724867209478,
           -0.4140733562118938
          ],
          [
           -0.630050039959777,
           -0.426235413632553,
           1,
           0.8938653024597297,
           0.9178050537700851,
           0.9244802295254873,
           0.9843869531930909,
           0.9280802721371217,
           0.9137894623586247,
           0.9225551192053814,
           0.910302695878636,
           0.9294716526654544,
           0.8890640629304906,
           0.9228876316351871,
           0.8919352908827765,
           0.8580921355600081,
           0.7972930354615432,
           0.8650043323624597,
           0.8298989025953947,
           -0.1233089466198776,
           0.35363739037099845,
           0.5714960922044466,
           0.900385735888322,
           0.8606099642871379,
           -0.43222130580105955,
           0.8490762464311598,
           0.5754704941352136,
           0.6400969068745951,
           0.1471767267827537,
           0.7662276184780652,
           0.8731002506812149,
           0.9022567932869453,
           0.8680255941125083,
           0.8990277888663054,
           0.9345146263917015,
           0.9589103658832062,
           0.5718174442736298,
           0.9217302065506232,
           0.9302103457621751,
           0.8089144736354845,
           0.8708533919957693,
           0.9274907431397962,
           0.8389671469596426,
           0.8912748768352193,
           0.926453935646655,
           0.8638904958344608,
           0.9028366798086291,
           0.8975231818025463,
           0.7915505144994243,
           0.5229874455260096,
           0.8192532726269691
          ],
          [
           -0.5345661698842762,
           -0.3416859290242405,
           0.8938653024597297,
           1,
           0.7755256852146731,
           0.7765634731761097,
           0.9158531812597366,
           0.8562378661745357,
           0.7704808060466198,
           0.7977056325060771,
           0.7547974332598802,
           0.8814015443102174,
           0.7751466992431456,
           0.7967682469207394,
           0.7246390909055803,
           0.7715074040443747,
           0.6443515246416419,
           0.7170967234217072,
           0.7669440176874571,
           0.056375700778129166,
           0.2716582202035129,
           0.4444063928899417,
           0.7536508164849803,
           0.7292906440677034,
           -0.2685122791120064,
           0.7385909126264714,
           0.4738843916992979,
           0.5263959810964146,
           0.12858048882853443,
           0.6428868663211761,
           0.7494575965416663,
           0.8117211016221816,
           0.6982935485998479,
           0.7339707734767148,
           0.7981126650592818,
           0.9524862878337951,
           0.5313192669142693,
           0.7648127548758861,
           0.7809592125527188,
           0.7408771179876374,
           0.6992337165245767,
           0.7983015571415677,
           0.7005412032302067,
           0.7335038667485955,
           0.794551931437202,
           0.7520577971229504,
           0.7375493698643225,
           0.7825869374721642,
           0.6602859790889392,
           0.4040713499904235,
           0.770290418702581
          ],
          [
           -0.6891941278322951,
           -0.49914687264595453,
           0.9178050537700851,
           0.7755256852146731,
           1,
           0.9867726014266097,
           0.9090997142412752,
           0.9302564525194327,
           0.987530076339329,
           0.9825058659613672,
           0.9770383821848976,
           0.8981037864652924,
           0.9502650421399522,
           0.9779499689870046,
           0.9709822398308401,
           0.9176000122132473,
           0.8824918861378914,
           0.9480715609556035,
           0.8610410154476315,
           -0.22415369926810802,
           0.4552955467913116,
           0.6423670798654785,
           0.9647036991802439,
           0.9402849074604054,
           -0.5583983306143068,
           0.9236223412260139,
           0.6777807841045846,
           0.7477356347334532,
           0.150530400167697,
           0.8559329430990062,
           0.9451553277271879,
           0.9473350765802948,
           0.949388702145549,
           0.9771069315439663,
           0.9662768705456329,
           0.8674310298013391,
           0.6190551551416423,
           0.9795640239458021,
           0.982748014965526,
           0.8433234088272618,
           0.9391238804115002,
           0.978326310865602,
           0.9072833273306755,
           0.9738255032706998,
           0.9767755679666362,
           0.9492519340192203,
           0.9711944903152173,
           0.949324810219639,
           0.8741671204223316,
           0.5432319536307189,
           0.8386278038542482
          ],
          [
           -0.7084986674489056,
           -0.5252253102584267,
           0.9244802295254873,
           0.7765634731761097,
           0.9867726014266097,
           1,
           0.9167908071527462,
           0.9347144200549498,
           0.985143904352933,
           0.9818009870569776,
           0.9826392648191705,
           0.8937476060866101,
           0.938209780114089,
           0.9736358807881382,
           0.9739378896089355,
           0.9062657909953388,
           0.8876592494794714,
           0.9474127013433532,
           0.8440631386713936,
           -0.2134575929519502,
           0.4489215714650996,
           0.6198527135486038,
           0.966793006149768,
           0.9296725591557865,
           -0.555879058489974,
           0.9096722005273162,
           0.6607262914607139,
           0.7414666243069762,
           0.16044768959018735,
           0.8473304449024793,
           0.9453299786475813,
           0.9445012066122771,
           0.9451888894824207,
           0.9839901669324049,
           0.9698420216645389,
           0.8750553172043513,
           0.5811423927784212,
           0.9886926541221629,
           0.9936666871721038,
           0.8468328346057712,
           0.9572500194750223,
           0.9819709089804582,
           0.9077579297110013,
           0.9719818607773524,
           0.9734158639125083,
           0.9320494438564618,
           0.9822379179138009,
           0.9426909142956837,
           0.8686553046489607,
           0.5426178122873458,
           0.8335007694555084
          ],
          [
           -0.6189119695414892,
           -0.420213895340504,
           0.9843869531930909,
           0.9158531812597366,
           0.9090997142412752,
           0.9167908071527462,
           1,
           0.9339969942350649,
           0.9051223967966934,
           0.9177662872635644,
           0.9004727099580284,
           0.938101991276365,
           0.8766083014026775,
           0.911620843750887,
           0.875096829398989,
           0.8626440157309005,
           0.7861453831900911,
           0.8515454760097845,
           0.8339341632360991,
           -0.07168702854471876,
           0.34220398039312433,
           0.5495314386622585,
           0.8911665261034822,
           0.8519230365802958,
           -0.3910190478656732,
           0.8460933984361815,
           0.5651558329865696,
           0.6303656280204707,
           0.1515917210733086,
           0.7583164703882805,
           0.8666281836716039,
           0.9005640892336414,
           0.8512960926231722,
           0.8893293245176285,
           0.9261900050725106,
           0.9703914532055975,
           0.5584596224007627,
           0.9126112169431296,
           0.9213740445851496,
           0.8130652197640661,
           0.8571118434595314,
           0.922730210351353,
           0.8305987674547997,
           0.8801247970592687,
           0.9176293334462314,
           0.8563807106414402,
           0.8900126853044998,
           0.8941043570654075,
           0.770802105128039,
           0.49944716289349333,
           0.8235717169315189
          ],
          [
           -0.6514478299196759,
           -0.46787166492324556,
           0.9280802721371217,
           0.8562378661745357,
           0.9302564525194327,
           0.9347144200549498,
           0.9339969942350649,
           1,
           0.9307137145726826,
           0.9331398862128637,
           0.9163583115778247,
           0.8955317333126324,
           0.9006461027551541,
           0.9222826688929561,
           0.9104415579639292,
           0.8740841044707015,
           0.8417925081173001,
           0.9001287584274136,
           0.7980865979578156,
           -0.06327647325061432,
           0.43329355865723906,
           0.5950622506898928,
           0.9139252320724192,
           0.8833367391177533,
           -0.43626144099407604,
           0.8619915065271069,
           0.6538292358516884,
           0.7105867823726513,
           0.1614275367037786,
           0.8033529501600607,
           0.8875560981998671,
           0.9004491370374798,
           0.892790059448883,
           0.9230645537662131,
           0.9430223849851406,
           0.9195505623704804,
           0.5930697490200083,
           0.9257807027860314,
           0.9314428910141934,
           0.8337428542462221,
           0.8979710735154633,
           0.9469326223039191,
           0.8549310856373996,
           0.916110565360936,
           0.926052199643273,
           0.8854759685062565,
           0.919620062231673,
           0.903247193233792,
           0.8144016251901787,
           0.5215361361427252,
           0.8198306307839338
          ],
          [
           -0.6942331073829368,
           -0.5073963906099924,
           0.9137894623586247,
           0.7704808060466198,
           0.987530076339329,
           0.985143904352933,
           0.9051223967966934,
           0.9307137145726826,
           1,
           0.9846306899864175,
           0.9775229071550986,
           0.8920975453731586,
           0.9533035754497408,
           0.9716105085985264,
           0.9704127973672333,
           0.9146819921478595,
           0.8914322647844503,
           0.9573163747603038,
           0.8465794200025342,
           -0.19928114005204522,
           0.4834812150286009,
           0.6590961842090864,
           0.9672646622005885,
           0.940264701498305,
           -0.5547176131825083,
           0.9221091752897814,
           0.7084175549442752,
           0.7770253332141145,
           0.16239845154170698,
           0.8761820040905629,
           0.9491277894446537,
           0.9479057638142905,
           0.9517108233945042,
           0.9785965160111969,
           0.9685035208972916,
           0.8624343409454395,
           0.6174887485275667,
           0.9777606605009217,
           0.9802657694809955,
           0.8648774227165497,
           0.9448632580463389,
           0.9830769512586415,
           0.9041151987436621,
           0.977920346029357,
           0.9760855331805509,
           0.9513265059538918,
           0.9709538638356653,
           0.9513805254006176,
           0.8911685901150571,
           0.5543543558618184,
           0.8451223752156595
          ],
          [
           -0.6926699502763222,
           -0.5070235346133021,
           0.9225551192053814,
           0.7977056325060771,
           0.9825058659613672,
           0.9818009870569776,
           0.9177662872635644,
           0.9331398862128637,
           0.9846306899864175,
           1,
           0.9788055389575472,
           0.9107047367031625,
           0.950963248158923,
           0.9694247600424025,
           0.9543688486425589,
           0.9117286754942729,
           0.8686765647538157,
           0.9360237798301348,
           0.8731358898946341,
           -0.19563364816374426,
           0.4496950280527428,
           0.6518099722964834,
           0.9602729304560773,
           0.9294703699615865,
           -0.5546393854852223,
           0.9196127146528824,
           0.6804154727819833,
           0.751429316142565,
           0.1546681319607816,
           0.8616961899579115,
           0.9496283487355998,
           0.9589953346868579,
           0.9260897506668109,
           0.9642595768232973,
           0.9572240760265927,
           0.877943821795274,
           0.6100431003218029,
           0.9727224950927937,
           0.9782417545187311,
           0.8673618388273182,
           0.9290284366155397,
           0.9716867081508846,
           0.8966770474482534,
           0.9637062635211087,
           0.9737292444736366,
           0.9495389759654945,
           0.9599202319213964,
           0.9561641300873011,
           0.877832860192635,
           0.5327704579664732,
           0.8623344514504442
          ],
          [
           -0.6970316351228443,
           -0.511101579930968,
           0.910302695878636,
           0.7547974332598802,
           0.9770383821848976,
           0.9826392648191705,
           0.9004727099580284,
           0.9163583115778247,
           0.9775229071550986,
           0.9788055389575472,
           1,
           0.8839736729430219,
           0.9338346304694494,
           0.9617935760105343,
           0.963845762746686,
           0.8815464436668645,
           0.8578148163547826,
           0.9287287551947263,
           0.8461380120315293,
           -0.2414562979770273,
           0.4202367519092387,
           0.650984960623627,
           0.9541624106854818,
           0.9077602546518503,
           -0.5738439211784698,
           0.8919580612088394,
           0.6499012748472981,
           0.7155494221816263,
           0.16147484676404356,
           0.8233355305725938,
           0.9323941022589061,
           0.9333894231789842,
           0.9324695040297218,
           0.9674607665411313,
           0.9509869775330559,
           0.853661494686041,
           0.572656797519749,
           0.9752797066305153,
           0.9817571895524961,
           0.8365013142629775,
           0.9363907456809942,
           0.9677183872583431,
           0.8943487973825686,
           0.9580936000076146,
           0.9647467888456331,
           0.9173472348488269,
           0.9646697792781636,
           0.9390328698660225,
           0.858726881240511,
           0.5325906771406161,
           0.8340292379616936
          ],
          [
           -0.6147774955844685,
           -0.4137914768322439,
           0.9294716526654544,
           0.8814015443102174,
           0.8981037864652924,
           0.8937476060866101,
           0.938101991276365,
           0.8955317333126324,
           0.8920975453731586,
           0.9107047367031625,
           0.8839736729430219,
           1,
           0.8805599733306004,
           0.9127660799667051,
           0.8497151522328817,
           0.8701724424664986,
           0.7461878648706562,
           0.8237758986012049,
           0.8846674330153291,
           -0.1375746146982151,
           0.32564164506149634,
           0.5494763539680481,
           0.8657539492594218,
           0.8422614943724531,
           -0.44996945931340127,
           0.8613488545800951,
           0.5508050427518685,
           0.623466234970045,
           0.14743519349417805,
           0.7835718628150792,
           0.8686906460360362,
           0.9153748477519743,
           0.8150710490256969,
           0.8593966143382799,
           0.8778247820482273,
           0.9183916957597134,
           0.5684124155627465,
           0.8914938815636891,
           0.8983326145460712,
           0.8124167279718414,
           0.8100755065806059,
           0.8948614915032806,
           0.8160712011120521,
           0.8569655583522146,
           0.9031099931282999,
           0.881500357363361,
           0.8592208606451568,
           0.9014008675086796,
           0.7891066002878467,
           0.45932624288739027,
           0.8457835743743347
          ],
          [
           -0.6609271563599505,
           -0.48404773113980315,
           0.8890640629304906,
           0.7751466992431456,
           0.9502650421399522,
           0.938209780114089,
           0.8766083014026775,
           0.9006461027551541,
           0.9533035754497408,
           0.950963248158923,
           0.9338346304694494,
           0.8805599733306004,
           1,
           0.9458915946664932,
           0.921029042213739,
           0.8881292741420268,
           0.8445680201768853,
           0.9137654060414371,
           0.8672104222846541,
           -0.21424686494785142,
           0.46008324846051657,
           0.6752116899565491,
           0.9266777205200718,
           0.9086213483522632,
           -0.5606333948559064,
           0.8890607822678147,
           0.6903019058290396,
           0.7519284560825196,
           0.15109924734700678,
           0.8556466902215616,
           0.922218375126839,
           0.9365017171586435,
           0.8996594869967665,
           0.9196705046540761,
           0.9201742695442201,
           0.8456950486004027,
           0.7225446136515046,
           0.9293394642885566,
           0.9342878389134209,
           0.8499832624290223,
           0.882114132362021,
           0.9355538829246297,
           0.8682288105091268,
           0.9307409639029516,
           0.9453660346021834,
           0.9391698580198421,
           0.9171366345165529,
           0.9278062099415447,
           0.8804842377254829,
           0.535400833764258,
           0.8467680637653405
          ],
          [
           -0.6811894793886311,
           -0.4845505665568881,
           0.9228876316351871,
           0.7967682469207394,
           0.9779499689870046,
           0.9736358807881382,
           0.911620843750887,
           0.9222826688929561,
           0.9716105085985264,
           0.9694247600424025,
           0.9617935760105343,
           0.9127660799667051,
           0.9458915946664932,
           1,
           0.9549950984696056,
           0.9108963245295703,
           0.8517373900974449,
           0.9260462162060289,
           0.8746567828935217,
           -0.2624005338725369,
           0.4263595666691996,
           0.6098662868421104,
           0.9469923745061923,
           0.9263192517787597,
           -0.5732556917390216,
           0.9126483705267056,
           0.6259871421219386,
           0.7172182801018321,
           0.15592743919386426,
           0.8421470166360298,
           0.9336262472349858,
           0.9507272352806841,
           0.9283269099406183,
           0.955754887549928,
           0.9470279535481171,
           0.8797354599274368,
           0.6184665369365566,
           0.9698371138197913,
           0.9741101472070051,
           0.8275841361638279,
           0.9171116517047675,
           0.9641799276837397,
           0.8963398617322849,
           0.9495455581060142,
           0.9648793210332943,
           0.9408784414539632,
           0.9541241218234028,
           0.941394727108815,
           0.863429964474129,
           0.5516943387066885,
           0.8413892966164334
          ],
          [
           -0.6880609468935214,
           -0.49498359898654876,
           0.8919352908827765,
           0.7246390909055803,
           0.9709822398308401,
           0.9739378896089355,
           0.875096829398989,
           0.9104415579639292,
